Time 0
Waiting clients: (7, 2, 7);(47, 5, 7);(49, 6, 6);(11, 7, 3);(0, 9, 2);(45, 9, 4);(24, 10, 2);(31, 11, 2);(36, 12, 3);(43, 13, 6);(40, 14, 1);(13, 15, 3);(5, 16, 3);(19, 18, 1);(15, 20, 6);(21, 20, 2);(17, 21, 7);(18, 21, 3);(23, 21, 1);(28, 21, 5);(35, 21, 4);(4, 22, 2);(22, 22, 7);(30, 24, 1);(42, 24, 2);(48, 24, 5);(3, 25, 1);(10, 26, 5);(14, 26, 7);(39, 26, 2);(9, 28, 5);(16, 28, 4);(32, 29, 7);(41, 29, 4);(44, 29, 2);(20, 30, 1);(38, 30, 5);(6, 33, 4);(25, 34, 5);(33, 34, 4);(1, 35, 1);(34, 35, 5);(29, 37, 7);(37, 37, 2);(8, 38, 2);(27, 38, 2);(2, 39, 4);(12, 40, 4);(26, 40, 1);(46, 40, 5)
Queue 0:closed
Queue 1:closed
Queue 2:closed
Queue 3:closed
Queue 4:closed
Time 1
Waiting clients: (7, 2, 7);(47, 5, 7);(49, 6, 6);(11, 7, 3);(0, 9, 2);(45, 9, 4);(24, 10, 2);(31, 11, 2);(36, 12, 3);(43, 13, 6);(40, 14, 1);(13, 15, 3);(5, 16, 3);(19, 18, 1);(15, 20, 6);(21, 20, 2);(17, 21, 7);(18, 21, 3);(23, 21, 1);(28, 21, 5);(35, 21, 4);(4, 22, 2);(22, 22, 7);(30, 24, 1);(42, 24, 2);(48, 24, 5);(3, 25, 1);(10, 26, 5);(14, 26, 7);(39, 26, 2);(9, 28, 5);(16, 28, 4);(32, 29, 7);(41, 29, 4);(44, 29, 2);(20, 30, 1);(38, 30, 5);(6, 33, 4);(25, 34, 5);(33, 34, 4);(1, 35, 1);(34, 35, 5);(29, 37, 7);(37, 37, 2);(8, 38, 2);(27, 38, 2);(2, 39, 4);(12, 40, 4);(26, 40, 1);(46, 40, 5)
Queue 0:closed
Queue 1:closed
Queue 2:closed
Queue 3:closed
Queue 4:closed
Time 2
Waiting clients: (47, 5, 7);(49, 6, 6);(11, 7, 3);(0, 9, 2);(45, 9, 4);(24, 10, 2);(31, 11, 2);(36, 12, 3);(43, 13, 6);(40, 14, 1);(13, 15, 3);(5, 16, 3);(19, 18, 1);(15, 20, 6);(21, 20, 2);(17, 21, 7);(18, 21, 3);(23, 21, 1);(28, 21, 5);(35, 21, 4);(4, 22, 2);(22, 22, 7);(30, 24, 1);(42, 24, 2);(48, 24, 5);(3, 25, 1);(10, 26, 5);(14, 26, 7);(39, 26, 2);(9, 28, 5);(16, 28, 4);(32, 29, 7);(41, 29, 4);(44, 29, 2);(20, 30, 1);(38, 30, 5);(6, 33, 4);(25, 34, 5);(33, 34, 4);(1, 35, 1);(34, 35, 5);(29, 37, 7);(37, 37, 2);(8, 38, 2);(27, 38, 2);(2, 39, 4);(12, 40, 4);(26, 40, 1);(46, 40, 5)
Queue 0:(  7,  2,  7);
Queue 1:closed
Queue 2:closed
Queue 3:closed
Queue 4:closed
Time 3
Waiting clients: (47, 5, 7);(49, 6, 6);(11, 7, 3);(0, 9, 2);(45, 9, 4);(24, 10, 2);(31, 11, 2);(36, 12, 3);(43, 13, 6);(40, 14, 1);(13, 15, 3);(5, 16, 3);(19, 18, 1);(15, 20, 6);(21, 20, 2);(17, 21, 7);(18, 21, 3);(23, 21, 1);(28, 21, 5);(35, 21, 4);(4, 22, 2);(22, 22, 7);(30, 24, 1);(42, 24, 2);(48, 24, 5);(3, 25, 1);(10, 26, 5);(14, 26, 7);(39, 26, 2);(9, 28, 5);(16, 28, 4);(32, 29, 7);(41, 29, 4);(44, 29, 2);(20, 30, 1);(38, 30, 5);(6, 33, 4);(25, 34, 5);(33, 34, 4);(1, 35, 1);(34, 35, 5);(29, 37, 7);(37, 37, 2);(8, 38, 2);(27, 38, 2);(2, 39, 4);(12, 40, 4);(26, 40, 1);(46, 40, 5)
Queue 0:(  7,  2,  6);
Queue 1:closed
Queue 2:closed
Queue 3:closed
Queue 4:closed
Time 4
Waiting clients: (47, 5, 7);(49, 6, 6);(11, 7, 3);(0, 9, 2);(45, 9, 4);(24, 10, 2);(31, 11, 2);(36, 12, 3);(43, 13, 6);(40, 14, 1);(13, 15, 3);(5, 16, 3);(19, 18, 1);(15, 20, 6);(21, 20, 2);(17, 21, 7);(18, 21, 3);(23, 21, 1);(28, 21, 5);(35, 21, 4);(4, 22, 2);(22, 22, 7);(30, 24, 1);(42, 24, 2);(48, 24, 5);(3, 25, 1);(10, 26, 5);(14, 26, 7);(39, 26, 2);(9, 28, 5);(16, 28, 4);(32, 29, 7);(41, 29, 4);(44, 29, 2);(20, 30, 1);(38, 30, 5);(6, 33, 4);(25, 34, 5);(33, 34, 4);(1, 35, 1);(34, 35, 5);(29, 37, 7);(37, 37, 2);(8, 38, 2);(27, 38, 2);(2, 39, 4);(12, 40, 4);(26, 40, 1);(46, 40, 5)
Queue 0:(  7,  2,  5);
Queue 1:closed
Queue 2:closed
Queue 3:closed
Queue 4:closed
Time 5
Waiting clients: (49, 6, 6);(11, 7, 3);(0, 9, 2);(45, 9, 4);(24, 10, 2);(31, 11, 2);(36, 12, 3);(43, 13, 6);(40, 14, 1);(13, 15, 3);(5, 16, 3);(19, 18, 1);(15, 20, 6);(21, 20, 2);(17, 21, 7);(18, 21, 3);(23, 21, 1);(28, 21, 5);(35, 21, 4);(4, 22, 2);(22, 22, 7);(30, 24, 1);(42, 24, 2);(48, 24, 5);(3, 25, 1);(10, 26, 5);(14, 26, 7);(39, 26, 2);(9, 28, 5);(16, 28, 4);(32, 29, 7);(41, 29, 4);(44, 29, 2);(20, 30, 1);(38, 30, 5);(6, 33, 4);(25, 34, 5);(33, 34, 4);(1, 35, 1);(34, 35, 5);(29, 37, 7);(37, 37, 2);(8, 38, 2);(27, 38, 2);(2, 39, 4);(12, 40, 4);(26, 40, 1);(46, 40, 5)
Queue 0:(  7,  2,  4);
Queue 1:( 47,  5,  7);
Queue 2:closed
Queue 3:closed
Queue 4:closed
Time 6
Waiting clients: (11, 7, 3);(0, 9, 2);(45, 9, 4);(24, 10, 2);(31, 11, 2);(36, 12, 3);(43, 13, 6);(40, 14, 1);(13, 15, 3);(5, 16, 3);(19, 18, 1);(15, 20, 6);(21, 20, 2);(17, 21, 7);(18, 21, 3);(23, 21, 1);(28, 21, 5);(35, 21, 4);(4, 22, 2);(22, 22, 7);(30, 24, 1);(42, 24, 2);(48, 24, 5);(3, 25, 1);(10, 26, 5);(14, 26, 7);(39, 26, 2);(9, 28, 5);(16, 28, 4);(32, 29, 7);(41, 29, 4);(44, 29, 2);(20, 30, 1);(38, 30, 5);(6, 33, 4);(25, 34, 5);(33, 34, 4);(1, 35, 1);(34, 35, 5);(29, 37, 7);(37, 37, 2);(8, 38, 2);(27, 38, 2);(2, 39, 4);(12, 40, 4);(26, 40, 1);(46, 40, 5)
Queue 0:(  7,  2,  3);
Queue 1:( 47,  5,  6);
Queue 2:( 49,  6,  6);
Queue 3:closed
Queue 4:closed
Time 7
Waiting clients: (0, 9, 2);(45, 9, 4);(24, 10, 2);(31, 11, 2);(36, 12, 3);(43, 13, 6);(40, 14, 1);(13, 15, 3);(5, 16, 3);(19, 18, 1);(15, 20, 6);(21, 20, 2);(17, 21, 7);(18, 21, 3);(23, 21, 1);(28, 21, 5);(35, 21, 4);(4, 22, 2);(22, 22, 7);(30, 24, 1);(42, 24, 2);(48, 24, 5);(3, 25, 1);(10, 26, 5);(14, 26, 7);(39, 26, 2);(9, 28, 5);(16, 28, 4);(32, 29, 7);(41, 29, 4);(44, 29, 2);(20, 30, 1);(38, 30, 5);(6, 33, 4);(25, 34, 5);(33, 34, 4);(1, 35, 1);(34, 35, 5);(29, 37, 7);(37, 37, 2);(8, 38, 2);(27, 38, 2);(2, 39, 4);(12, 40, 4);(26, 40, 1);(46, 40, 5)
Queue 0:(  7,  2,  2);
Queue 1:( 47,  5,  5);
Queue 2:( 49,  6,  5);
Queue 3:( 11,  7,  3);
Queue 4:closed
Time 8
Waiting clients: (0, 9, 2);(45, 9, 4);(24, 10, 2);(31, 11, 2);(36, 12, 3);(43, 13, 6);(40, 14, 1);(13, 15, 3);(5, 16, 3);(19, 18, 1);(15, 20, 6);(21, 20, 2);(17, 21, 7);(18, 21, 3);(23, 21, 1);(28, 21, 5);(35, 21, 4);(4, 22, 2);(22, 22, 7);(30, 24, 1);(42, 24, 2);(48, 24, 5);(3, 25, 1);(10, 26, 5);(14, 26, 7);(39, 26, 2);(9, 28, 5);(16, 28, 4);(32, 29, 7);(41, 29, 4);(44, 29, 2);(20, 30, 1);(38, 30, 5);(6, 33, 4);(25, 34, 5);(33, 34, 4);(1, 35, 1);(34, 35, 5);(29, 37, 7);(37, 37, 2);(8, 38, 2);(27, 38, 2);(2, 39, 4);(12, 40, 4);(26, 40, 1);(46, 40, 5)
Queue 0:(  7,  2,  1);
Queue 1:( 47,  5,  4);
Queue 2:( 49,  6,  4);
Queue 3:( 11,  7,  2);
Queue 4:closed
Time 9
Waiting clients: (24, 10, 2);(31, 11, 2);(36, 12, 3);(43, 13, 6);(40, 14, 1);(13, 15, 3);(5, 16, 3);(19, 18, 1);(15, 20, 6);(21, 20, 2);(17, 21, 7);(18, 21, 3);(23, 21, 1);(28, 21, 5);(35, 21, 4);(4, 22, 2);(22, 22, 7);(30, 24, 1);(42, 24, 2);(48, 24, 5);(3, 25, 1);(10, 26, 5);(14, 26, 7);(39, 26, 2);(9, 28, 5);(16, 28, 4);(32, 29, 7);(41, 29, 4);(44, 29, 2);(20, 30, 1);(38, 30, 5);(6, 33, 4);(25, 34, 5);(33, 34, 4);(1, 35, 1);(34, 35, 5);(29, 37, 7);(37, 37, 2);(8, 38, 2);(27, 38, 2);(2, 39, 4);(12, 40, 4);(26, 40, 1);(46, 40, 5)
Queue 0:(  0,  9,  2);
Queue 1:( 47,  5,  3);
Queue 2:( 49,  6,  3);
Queue 3:( 11,  7,  1);
Queue 4:( 45,  9,  4);
Time 10
Waiting clients: (31, 11, 2);(36, 12, 3);(43, 13, 6);(40, 14, 1);(13, 15, 3);(5, 16, 3);(19, 18, 1);(15, 20, 6);(21, 20, 2);(17, 21, 7);(18, 21, 3);(23, 21, 1);(28, 21, 5);(35, 21, 4);(4, 22, 2);(22, 22, 7);(30, 24, 1);(42, 24, 2);(48, 24, 5);(3, 25, 1);(10, 26, 5);(14, 26, 7);(39, 26, 2);(9, 28, 5);(16, 28, 4);(32, 29, 7);(41, 29, 4);(44, 29, 2);(20, 30, 1);(38, 30, 5);(6, 33, 4);(25, 34, 5);(33, 34, 4);(1, 35, 1);(34, 35, 5);(29, 37, 7);(37, 37, 2);(8, 38, 2);(27, 38, 2);(2, 39, 4);(12, 40, 4);(26, 40, 1);(46, 40, 5)
Queue 0:(  0,  9,  1);
Queue 1:( 47,  5,  2);
Queue 2:( 49,  6,  2);
Queue 3:( 24, 10,  2);
Queue 4:( 45,  9,  3);
Time 11
Waiting clients: (36, 12, 3);(43, 13, 6);(40, 14, 1);(13, 15, 3);(5, 16, 3);(19, 18, 1);(15, 20, 6);(21, 20, 2);(17, 21, 7);(18, 21, 3);(23, 21, 1);(28, 21, 5);(35, 21, 4);(4, 22, 2);(22, 22, 7);(30, 24, 1);(42, 24, 2);(48, 24, 5);(3, 25, 1);(10, 26, 5);(14, 26, 7);(39, 26, 2);(9, 28, 5);(16, 28, 4);(32, 29, 7);(41, 29, 4);(44, 29, 2);(20, 30, 1);(38, 30, 5);(6, 33, 4);(25, 34, 5);(33, 34, 4);(1, 35, 1);(34, 35, 5);(29, 37, 7);(37, 37, 2);(8, 38, 2);(27, 38, 2);(2, 39, 4);(12, 40, 4);(26, 40, 1);(46, 40, 5)
Queue 0:( 31, 11,  2);
Queue 1:( 47,  5,  1);
Queue 2:( 49,  6,  1);
Queue 3:( 24, 10,  1);
Queue 4:( 45,  9,  2);
Time 12
Waiting clients: (43, 13, 6);(40, 14, 1);(13, 15, 3);(5, 16, 3);(19, 18, 1);(15, 20, 6);(21, 20, 2);(17, 21, 7);(18, 21, 3);(23, 21, 1);(28, 21, 5);(35, 21, 4);(4, 22, 2);(22, 22, 7);(30, 24, 1);(42, 24, 2);(48, 24, 5);(3, 25, 1);(10, 26, 5);(14, 26, 7);(39, 26, 2);(9, 28, 5);(16, 28, 4);(32, 29, 7);(41, 29, 4);(44, 29, 2);(20, 30, 1);(38, 30, 5);(6, 33, 4);(25, 34, 5);(33, 34, 4);(1, 35, 1);(34, 35, 5);(29, 37, 7);(37, 37, 2);(8, 38, 2);(27, 38, 2);(2, 39, 4);(12, 40, 4);(26, 40, 1);(46, 40, 5)
Queue 0:( 31, 11,  1);
Queue 1:( 36, 12,  3);
Queue 2:closed
Queue 3:closed
Queue 4:( 45,  9,  1);
Time 13
Waiting clients: (40, 14, 1);(13, 15, 3);(5, 16, 3);(19, 18, 1);(15, 20, 6);(21, 20, 2);(17, 21, 7);(18, 21, 3);(23, 21, 1);(28, 21, 5);(35, 21, 4);(4, 22, 2);(22, 22, 7);(30, 24, 1);(42, 24, 2);(48, 24, 5);(3, 25, 1);(10, 26, 5);(14, 26, 7);(39, 26, 2);(9, 28, 5);(16, 28, 4);(32, 29, 7);(41, 29, 4);(44, 29, 2);(20, 30, 1);(38, 30, 5);(6, 33, 4);(25, 34, 5);(33, 34, 4);(1, 35, 1);(34, 35, 5);(29, 37, 7);(37, 37, 2);(8, 38, 2);(27, 38, 2);(2, 39, 4);(12, 40, 4);(26, 40, 1);(46, 40, 5)
Queue 0:( 43, 13,  6);
Queue 1:( 36, 12,  2);
Queue 2:closed
Queue 3:closed
Queue 4:closed
Time 14
Waiting clients: (13, 15, 3);(5, 16, 3);(19, 18, 1);(15, 20, 6);(21, 20, 2);(17, 21, 7);(18, 21, 3);(23, 21, 1);(28, 21, 5);(35, 21, 4);(4, 22, 2);(22, 22, 7);(30, 24, 1);(42, 24, 2);(48, 24, 5);(3, 25, 1);(10, 26, 5);(14, 26, 7);(39, 26, 2);(9, 28, 5);(16, 28, 4);(32, 29, 7);(41, 29, 4);(44, 29, 2);(20, 30, 1);(38, 30, 5);(6, 33, 4);(25, 34, 5);(33, 34, 4);(1, 35, 1);(34, 35, 5);(29, 37, 7);(37, 37, 2);(8, 38, 2);(27, 38, 2);(2, 39, 4);(12, 40, 4);(26, 40, 1);(46, 40, 5)
Queue 0:( 43, 13,  5);
Queue 1:( 36, 12,  1);
Queue 2:( 40, 14,  1);
Queue 3:closed
Queue 4:closed
Time 15
Waiting clients: (5, 16, 3);(19, 18, 1);(15, 20, 6);(21, 20, 2);(17, 21, 7);(18, 21, 3);(23, 21, 1);(28, 21, 5);(35, 21, 4);(4, 22, 2);(22, 22, 7);(30, 24, 1);(42, 24, 2);(48, 24, 5);(3, 25, 1);(10, 26, 5);(14, 26, 7);(39, 26, 2);(9, 28, 5);(16, 28, 4);(32, 29, 7);(41, 29, 4);(44, 29, 2);(20, 30, 1);(38, 30, 5);(6, 33, 4);(25, 34, 5);(33, 34, 4);(1, 35, 1);(34, 35, 5);(29, 37, 7);(37, 37, 2);(8, 38, 2);(27, 38, 2);(2, 39, 4);(12, 40, 4);(26, 40, 1);(46, 40, 5)
Queue 0:( 43, 13,  4);
Queue 1:( 13, 15,  3);
Queue 2:closed
Queue 3:closed
Queue 4:closed
Time 16
Waiting clients: (19, 18, 1);(15, 20, 6);(21, 20, 2);(17, 21, 7);(18, 21, 3);(23, 21, 1);(28, 21, 5);(35, 21, 4);(4, 22, 2);(22, 22, 7);(30, 24, 1);(42, 24, 2);(48, 24, 5);(3, 25, 1);(10, 26, 5);(14, 26, 7);(39, 26, 2);(9, 28, 5);(16, 28, 4);(32, 29, 7);(41, 29, 4);(44, 29, 2);(20, 30, 1);(38, 30, 5);(6, 33, 4);(25, 34, 5);(33, 34, 4);(1, 35, 1);(34, 35, 5);(29, 37, 7);(37, 37, 2);(8, 38, 2);(27, 38, 2);(2, 39, 4);(12, 40, 4);(26, 40, 1);(46, 40, 5)
Queue 0:( 43, 13,  3);
Queue 1:( 13, 15,  2);
Queue 2:(  5, 16,  3);
Queue 3:closed
Queue 4:closed
Time 17
Waiting clients: (19, 18, 1);(15, 20, 6);(21, 20, 2);(17, 21, 7);(18, 21, 3);(23, 21, 1);(28, 21, 5);(35, 21, 4);(4, 22, 2);(22, 22, 7);(30, 24, 1);(42, 24, 2);(48, 24, 5);(3, 25, 1);(10, 26, 5);(14, 26, 7);(39, 26, 2);(9, 28, 5);(16, 28, 4);(32, 29, 7);(41, 29, 4);(44, 29, 2);(20, 30, 1);(38, 30, 5);(6, 33, 4);(25, 34, 5);(33, 34, 4);(1, 35, 1);(34, 35, 5);(29, 37, 7);(37, 37, 2);(8, 38, 2);(27, 38, 2);(2, 39, 4);(12, 40, 4);(26, 40, 1);(46, 40, 5)
Queue 0:( 43, 13,  2);
Queue 1:( 13, 15,  1);
Queue 2:(  5, 16,  2);
Queue 3:closed
Queue 4:closed
Time 18
Waiting clients: (15, 20, 6);(21, 20, 2);(17, 21, 7);(18, 21, 3);(23, 21, 1);(28, 21, 5);(35, 21, 4);(4, 22, 2);(22, 22, 7);(30, 24, 1);(42, 24, 2);(48, 24, 5);(3, 25, 1);(10, 26, 5);(14, 26, 7);(39, 26, 2);(9, 28, 5);(16, 28, 4);(32, 29, 7);(41, 29, 4);(44, 29, 2);(20, 30, 1);(38, 30, 5);(6, 33, 4);(25, 34, 5);(33, 34, 4);(1, 35, 1);(34, 35, 5);(29, 37, 7);(37, 37, 2);(8, 38, 2);(27, 38, 2);(2, 39, 4);(12, 40, 4);(26, 40, 1);(46, 40, 5)
Queue 0:( 43, 13,  1);
Queue 1:( 19, 18,  1);
Queue 2:(  5, 16,  1);
Queue 3:closed
Queue 4:closed
Time 19
Waiting clients: (15, 20, 6);(21, 20, 2);(17, 21, 7);(18, 21, 3);(23, 21, 1);(28, 21, 5);(35, 21, 4);(4, 22, 2);(22, 22, 7);(30, 24, 1);(42, 24, 2);(48, 24, 5);(3, 25, 1);(10, 26, 5);(14, 26, 7);(39, 26, 2);(9, 28, 5);(16, 28, 4);(32, 29, 7);(41, 29, 4);(44, 29, 2);(20, 30, 1);(38, 30, 5);(6, 33, 4);(25, 34, 5);(33, 34, 4);(1, 35, 1);(34, 35, 5);(29, 37, 7);(37, 37, 2);(8, 38, 2);(27, 38, 2);(2, 39, 4);(12, 40, 4);(26, 40, 1);(46, 40, 5)
Queue 0:closed
Queue 1:closed
Queue 2:closed
Queue 3:closed
Queue 4:closed
Time 20
Waiting clients: (17, 21, 7);(18, 21, 3);(23, 21, 1);(28, 21, 5);(35, 21, 4);(4, 22, 2);(22, 22, 7);(30, 24, 1);(42, 24, 2);(48, 24, 5);(3, 25, 1);(10, 26, 5);(14, 26, 7);(39, 26, 2);(9, 28, 5);(16, 28, 4);(32, 29, 7);(41, 29, 4);(44, 29, 2);(20, 30, 1);(38, 30, 5);(6, 33, 4);(25, 34, 5);(33, 34, 4);(1, 35, 1);(34, 35, 5);(29, 37, 7);(37, 37, 2);(8, 38, 2);(27, 38, 2);(2, 39, 4);(12, 40, 4);(26, 40, 1);(46, 40, 5)
Queue 0:( 15, 20,  6);
Queue 1:( 21, 20,  2);
Queue 2:closed
Queue 3:closed
Queue 4:closed
Time 21
Waiting clients: (4, 22, 2);(22, 22, 7);(30, 24, 1);(42, 24, 2);(48, 24, 5);(3, 25, 1);(10, 26, 5);(14, 26, 7);(39, 26, 2);(9, 28, 5);(16, 28, 4);(32, 29, 7);(41, 29, 4);(44, 29, 2);(20, 30, 1);(38, 30, 5);(6, 33, 4);(25, 34, 5);(33, 34, 4);(1, 35, 1);(34, 35, 5);(29, 37, 7);(37, 37, 2);(8, 38, 2);(27, 38, 2);(2, 39, 4);(12, 40, 4);(26, 40, 1);(46, 40, 5)
Queue 0:( 15, 20,  5);
Queue 1:( 21, 20,  1); ( 28, 21,  5);
Queue 2:( 17, 21,  7);
Queue 3:( 18, 21,  3);
Queue 4:( 23, 21,  1); ( 35, 21,  4);
Time 22
Waiting clients: (30, 24, 1);(42, 24, 2);(48, 24, 5);(3, 25, 1);(10, 26, 5);(14, 26, 7);(39, 26, 2);(9, 28, 5);(16, 28, 4);(32, 29, 7);(41, 29, 4);(44, 29, 2);(20, 30, 1);(38, 30, 5);(6, 33, 4);(25, 34, 5);(33, 34, 4);(1, 35, 1);(34, 35, 5);(29, 37, 7);(37, 37, 2);(8, 38, 2);(27, 38, 2);(2, 39, 4);(12, 40, 4);(26, 40, 1);(46, 40, 5)
Queue 0:( 15, 20,  4); ( 22, 22,  7);
Queue 1:( 28, 21,  5);
Queue 2:( 17, 21,  6);
Queue 3:( 18, 21,  2); (  4, 22,  2);
Queue 4:( 35, 21,  4);
Time 23
Waiting clients: (30, 24, 1);(42, 24, 2);(48, 24, 5);(3, 25, 1);(10, 26, 5);(14, 26, 7);(39, 26, 2);(9, 28, 5);(16, 28, 4);(32, 29, 7);(41, 29, 4);(44, 29, 2);(20, 30, 1);(38, 30, 5);(6, 33, 4);(25, 34, 5);(33, 34, 4);(1, 35, 1);(34, 35, 5);(29, 37, 7);(37, 37, 2);(8, 38, 2);(27, 38, 2);(2, 39, 4);(12, 40, 4);(26, 40, 1);(46, 40, 5)
Queue 0:( 15, 20,  3); ( 22, 22,  7);
Queue 1:( 28, 21,  4);
Queue 2:( 17, 21,  5);
Queue 3:( 18, 21,  1); (  4, 22,  2);
Queue 4:( 35, 21,  3);
Time 24
Waiting clients: (3, 25, 1);(10, 26, 5);(14, 26, 7);(39, 26, 2);(9, 28, 5);(16, 28, 4);(32, 29, 7);(41, 29, 4);(44, 29, 2);(20, 30, 1);(38, 30, 5);(6, 33, 4);(25, 34, 5);(33, 34, 4);(1, 35, 1);(34, 35, 5);(29, 37, 7);(37, 37, 2);(8, 38, 2);(27, 38, 2);(2, 39, 4);(12, 40, 4);(26, 40, 1);(46, 40, 5)
Queue 0:( 15, 20,  2); ( 22, 22,  7);
Queue 1:( 28, 21,  3); ( 48, 24,  5);
Queue 2:( 17, 21,  4);
Queue 3:(  4, 22,  2); ( 30, 24,  1);
Queue 4:( 35, 21,  2); ( 42, 24,  2);
Time 25
Waiting clients: (10, 26, 5);(14, 26, 7);(39, 26, 2);(9, 28, 5);(16, 28, 4);(32, 29, 7);(41, 29, 4);(44, 29, 2);(20, 30, 1);(38, 30, 5);(6, 33, 4);(25, 34, 5);(33, 34, 4);(1, 35, 1);(34, 35, 5);(29, 37, 7);(37, 37, 2);(8, 38, 2);(27, 38, 2);(2, 39, 4);(12, 40, 4);(26, 40, 1);(46, 40, 5)
Queue 0:( 15, 20,  1); ( 22, 22,  7);
Queue 1:( 28, 21,  2); ( 48, 24,  5);
Queue 2:( 17, 21,  3);
Queue 3:(  4, 22,  1); ( 30, 24,  1); (  3, 25,  1);
Queue 4:( 35, 21,  1); ( 42, 24,  2);
Time 26
Waiting clients: (9, 28, 5);(16, 28, 4);(32, 29, 7);(41, 29, 4);(44, 29, 2);(20, 30, 1);(38, 30, 5);(6, 33, 4);(25, 34, 5);(33, 34, 4);(1, 35, 1);(34, 35, 5);(29, 37, 7);(37, 37, 2);(8, 38, 2);(27, 38, 2);(2, 39, 4);(12, 40, 4);(26, 40, 1);(46, 40, 5)
Queue 0:( 22, 22,  7);
Queue 1:( 28, 21,  1); ( 48, 24,  5);
Queue 2:( 17, 21,  2); ( 10, 26,  5);
Queue 3:( 30, 24,  1); (  3, 25,  1); ( 14, 26,  7);
Queue 4:( 42, 24,  2); ( 39, 26,  2);
Time 27
Waiting clients: (9, 28, 5);(16, 28, 4);(32, 29, 7);(41, 29, 4);(44, 29, 2);(20, 30, 1);(38, 30, 5);(6, 33, 4);(25, 34, 5);(33, 34, 4);(1, 35, 1);(34, 35, 5);(29, 37, 7);(37, 37, 2);(8, 38, 2);(27, 38, 2);(2, 39, 4);(12, 40, 4);(26, 40, 1);(46, 40, 5)
Queue 0:( 22, 22,  6);
Queue 1:( 48, 24,  5);
Queue 2:( 17, 21,  1); ( 10, 26,  5);
Queue 3:(  3, 25,  1); ( 14, 26,  7);
Queue 4:( 42, 24,  1); ( 39, 26,  2);
Time 28
Waiting clients: (32, 29, 7);(41, 29, 4);(44, 29, 2);(20, 30, 1);(38, 30, 5);(6, 33, 4);(25, 34, 5);(33, 34, 4);(1, 35, 1);(34, 35, 5);(29, 37, 7);(37, 37, 2);(8, 38, 2);(27, 38, 2);(2, 39, 4);(12, 40, 4);(26, 40, 1);(46, 40, 5)
Queue 0:( 22, 22,  5);
Queue 1:( 48, 24,  4); ( 16, 28,  4);
Queue 2:( 10, 26,  5);
Queue 3:( 14, 26,  7);
Queue 4:( 39, 26,  2); (  9, 28,  5);
Time 29
Waiting clients: (20, 30, 1);(38, 30, 5);(6, 33, 4);(25, 34, 5);(33, 34, 4);(1, 35, 1);(34, 35, 5);(29, 37, 7);(37, 37, 2);(8, 38, 2);(27, 38, 2);(2, 39, 4);(12, 40, 4);(26, 40, 1);(46, 40, 5)
Queue 0:( 22, 22,  4); ( 32, 29,  7);
Queue 1:( 48, 24,  3); ( 16, 28,  4);
Queue 2:( 10, 26,  4); ( 41, 29,  4);
Queue 3:( 14, 26,  6); ( 44, 29,  2);
Queue 4:( 39, 26,  1); (  9, 28,  5);
Time 30
Waiting clients: (6, 33, 4);(25, 34, 5);(33, 34, 4);(1, 35, 1);(34, 35, 5);(29, 37, 7);(37, 37, 2);(8, 38, 2);(27, 38, 2);(2, 39, 4);(12, 40, 4);(26, 40, 1);(46, 40, 5)
Queue 0:( 22, 22,  3); ( 32, 29,  7);
Queue 1:( 48, 24,  2); ( 16, 28,  4); ( 38, 30,  5);
Queue 2:( 10, 26,  3); ( 41, 29,  4);
Queue 3:( 14, 26,  5); ( 44, 29,  2);
Queue 4:(  9, 28,  5); ( 20, 30,  1);
Time 31
Waiting clients: (6, 33, 4);(25, 34, 5);(33, 34, 4);(1, 35, 1);(34, 35, 5);(29, 37, 7);(37, 37, 2);(8, 38, 2);(27, 38, 2);(2, 39, 4);(12, 40, 4);(26, 40, 1);(46, 40, 5)
Queue 0:( 22, 22,  2); ( 32, 29,  7);
Queue 1:( 48, 24,  1); ( 16, 28,  4); ( 38, 30,  5);
Queue 2:( 10, 26,  2); ( 41, 29,  4);
Queue 3:( 14, 26,  4); ( 44, 29,  2);
Queue 4:(  9, 28,  4); ( 20, 30,  1);
Time 32
Waiting clients: (6, 33, 4);(25, 34, 5);(33, 34, 4);(1, 35, 1);(34, 35, 5);(29, 37, 7);(37, 37, 2);(8, 38, 2);(27, 38, 2);(2, 39, 4);(12, 40, 4);(26, 40, 1);(46, 40, 5)
Queue 0:( 22, 22,  1); ( 32, 29,  7);
Queue 1:( 16, 28,  4); ( 38, 30,  5);
Queue 2:( 10, 26,  1); ( 41, 29,  4);
Queue 3:( 14, 26,  3); ( 44, 29,  2);
Queue 4:(  9, 28,  3); ( 20, 30,  1);
Time 33
Waiting clients: (25, 34, 5);(33, 34, 4);(1, 35, 1);(34, 35, 5);(29, 37, 7);(37, 37, 2);(8, 38, 2);(27, 38, 2);(2, 39, 4);(12, 40, 4);(26, 40, 1);(46, 40, 5)
Queue 0:( 32, 29,  7);
Queue 1:( 16, 28,  3); ( 38, 30,  5);
Queue 2:( 41, 29,  4);
Queue 3:( 14, 26,  2); ( 44, 29,  2);
Queue 4:(  9, 28,  2); ( 20, 30,  1); (  6, 33,  4);
Time 34
Waiting clients: (1, 35, 1);(34, 35, 5);(29, 37, 7);(37, 37, 2);(8, 38, 2);(27, 38, 2);(2, 39, 4);(12, 40, 4);(26, 40, 1);(46, 40, 5)
Queue 0:( 32, 29,  6);
Queue 1:( 16, 28,  2); ( 38, 30,  5);
Queue 2:( 41, 29,  3); ( 25, 34,  5);
Queue 3:( 14, 26,  1); ( 44, 29,  2); ( 33, 34,  4);
Queue 4:(  9, 28,  1); ( 20, 30,  1); (  6, 33,  4);
Time 35
Waiting clients: (29, 37, 7);(37, 37, 2);(8, 38, 2);(27, 38, 2);(2, 39, 4);(12, 40, 4);(26, 40, 1);(46, 40, 5)
Queue 0:( 32, 29,  5); (  1, 35,  1);
Queue 1:( 16, 28,  1); ( 38, 30,  5);
Queue 2:( 41, 29,  2); ( 25, 34,  5);
Queue 3:( 44, 29,  2); ( 33, 34,  4);
Queue 4:( 20, 30,  1); (  6, 33,  4); ( 34, 35,  5);
Time 36
Waiting clients: (29, 37, 7);(37, 37, 2);(8, 38, 2);(27, 38, 2);(2, 39, 4);(12, 40, 4);(26, 40, 1);(46, 40, 5)
Queue 0:( 32, 29,  4); (  1, 35,  1);
Queue 1:( 38, 30,  5);
Queue 2:( 41, 29,  1); ( 25, 34,  5);
Queue 3:( 44, 29,  1); ( 33, 34,  4);
Queue 4:(  6, 33,  4); ( 34, 35,  5);
Time 37
Waiting clients: (8, 38, 2);(27, 38, 2);(2, 39, 4);(12, 40, 4);(26, 40, 1);(46, 40, 5)
Queue 0:( 32, 29,  3); (  1, 35,  1); ( 29, 37,  7);
Queue 1:( 38, 30,  4); ( 37, 37,  2);
Queue 2:( 25, 34,  5);
Queue 3:( 33, 34,  4);
Queue 4:(  6, 33,  3); ( 34, 35,  5);
Time 38
Waiting clients: (2, 39, 4);(12, 40, 4);(26, 40, 1);(46, 40, 5)
Queue 0:( 32, 29,  2); (  1, 35,  1); ( 29, 37,  7);
Queue 1:( 38, 30,  3); ( 37, 37,  2);
Queue 2:( 25, 34,  4); ( 27, 38,  2);
Queue 3:( 33, 34,  3); (  8, 38,  2);
Queue 4:(  6, 33,  2); ( 34, 35,  5);
Time 39
Waiting clients: (12, 40, 4);(26, 40, 1);(46, 40, 5)
Queue 0:( 32, 29,  1); (  1, 35,  1); ( 29, 37,  7);
Queue 1:( 38, 30,  2); ( 37, 37,  2); (  2, 39,  4);
Queue 2:( 25, 34,  3); ( 27, 38,  2);
Queue 3:( 33, 34,  2); (  8, 38,  2);
Queue 4:(  6, 33,  1); ( 34, 35,  5);
Time 40
Waiting clients:
Queue 0:(  1, 35,  1); ( 29, 37,  7);
Queue 1:( 38, 30,  1); ( 37, 37,  2); (  2, 39,  4);
Queue 2:( 25, 34,  2); ( 27, 38,  2); ( 26, 40,  1); ( 46, 40,  5);
Queue 3:( 33, 34,  1); (  8, 38,  2); ( 12, 40,  4);
Queue 4:( 34, 35,  5);
Time 41
Waiting clients:
Queue 0:( 29, 37,  7);
Queue 1:( 37, 37,  2); (  2, 39,  4);
Queue 2:( 25, 34,  1); ( 27, 38,  2); ( 26, 40,  1); ( 46, 40,  5);
Queue 3:(  8, 38,  2); ( 12, 40,  4);
Queue 4:( 34, 35,  4);
Time 42
Waiting clients:
Queue 0:( 29, 37,  6);
Queue 1:( 37, 37,  1); (  2, 39,  4);
Queue 2:( 27, 38,  2); ( 26, 40,  1); ( 46, 40,  5);
Queue 3:(  8, 38,  1); ( 12, 40,  4);
Queue 4:( 34, 35,  3);
Time 43
Waiting clients:
Queue 0:( 29, 37,  5);
Queue 1:(  2, 39,  4);
Queue 2:( 27, 38,  1); ( 26, 40,  1); ( 46, 40,  5);
Queue 3:( 12, 40,  4);
Queue 4:( 34, 35,  2);
Time 44
Waiting clients:
Queue 0:( 29, 37,  4);
Queue 1:(  2, 39,  3);
Queue 2:( 26, 40,  1); ( 46, 40,  5);
Queue 3:( 12, 40,  3);
Queue 4:( 34, 35,  1);
Time 45
Waiting clients:
Queue 0:( 29, 37,  3);
Queue 1:(  2, 39,  2);
Queue 2:( 46, 40,  5);
Queue 3:( 12, 40,  2);
Queue 4:closed
Time 46
Waiting clients:
Queue 0:( 29, 37,  2);
Queue 1:(  2, 39,  1);
Queue 2:( 46, 40,  4);
Queue 3:( 12, 40,  1);
Queue 4:closed
Time 47
Waiting clients:
Queue 0:( 29, 37,  1);
Queue 1:closed
Queue 2:( 46, 40,  3);
Queue 3:closed
Queue 4:closed
Time 48
Waiting clients:
Queue 0:closed
Queue 1:closed
Queue 2:( 46, 40,  2);
Queue 3:closed
Queue 4:closed
Time 49
Waiting clients:
Queue 0:closed
Queue 1:closed
Queue 2:( 46, 40,  1);
Queue 3:closed
Queue 4:closed
Time 50
Waiting clients:
Queue 0:closed
Queue 1:closed
Queue 2:closed
Queue 3:closed
Queue 4:closed
Time 51
Waiting clients:
Queue 0:closed
Queue 1:closed
Queue 2:closed
Queue 3:closed
Queue 4:closed
Time 52
Waiting clients:
Queue 0:closed
Queue 1:closed
Queue 2:closed
Queue 3:closed
Queue 4:closed
Time 53
Waiting clients:
Queue 0:closed
Queue 1:closed
Queue 2:closed
Queue 3:closed
Queue 4:closed
Time 54
Waiting clients:
Queue 0:closed
Queue 1:closed
Queue 2:closed
Queue 3:closed
Queue 4:closed
Time 55
Waiting clients:
Queue 0:closed
Queue 1:closed
Queue 2:closed
Queue 3:closed
Queue 4:closed
Time 56
Waiting clients:
Queue 0:closed
Queue 1:closed
Queue 2:closed
Queue 3:closed
Queue 4:closed
Time 57
Waiting clients:
Queue 0:closed
Queue 1:closed
Queue 2:closed
Queue 3:closed
Queue 4:closed
Time 58
Waiting clients:
Queue 0:closed
Queue 1:closed
Queue 2:closed
Queue 3:closed
Queue 4:closed
Time 59
Waiting clients:
Queue 0:closed
Queue 1:closed
Queue 2:closed
Queue 3:closed
Queue 4:closed
Time 60
Waiting clients:
Queue 0:closed
Queue 1:closed
Queue 2:closed
Queue 3:closed
Queue 4:closed
Avg waiting time: 5.76
Avg service time: 3.68
Peak hour: 40